Opt. Const. of Cauchy vs. nm
nm	n	k
241.143356	1.577806	0.012818	
242.734009	1.576178	0.012755	
244.324661	1.574593	0.012694	
245.915359	1.573049	0.012633	
247.506058	1.571543	0.012573	
249.096802	1.570076	0.012515	
250.687546	1.568645	0.012457	
252.278320	1.567250	0.012401	
253.869110	1.565889	0.012345	
255.459930	1.564561	0.012290	
257.050751	1.563265	0.012237	
258.641602	1.562001	0.012184	
260.232483	1.560767	0.012132	
261.823364	1.559561	0.012081	
263.414276	1.558385	0.012030	
265.005188	1.557235	0.011981	
266.596130	1.556113	0.011932	
268.187103	1.555016	0.011884	
269.778076	1.553944	0.011837	
271.369080	1.552896	0.011791	
272.960083	1.551872	0.011745	
274.551117	1.550871	0.011700	
276.142151	1.549892	0.011656	
277.733215	1.548934	0.011612	
279.324310	1.547998	0.011569	
280.915405	1.547082	0.011526	
282.506500	1.546185	0.011485	
284.097626	1.545308	0.011444	
285.688782	1.544449	0.011403	
287.279907	1.543608	0.011363	
288.871063	1.542785	0.011324	
290.462250	1.541980	0.011285	
292.053436	1.541190	0.011247	
293.644653	1.540417	0.011209	
295.235870	1.539660	0.011172	
296.827087	1.538918	0.011135	
298.418335	1.538191	0.011099	
300.009583	1.537479	0.011064	
301.600861	1.536780	0.011028	
303.192139	1.536096	0.010994	
304.783417	1.535425	0.010960	
306.374725	1.534767	0.010926	
307.966034	1.534121	0.010893	
309.557373	1.533488	0.010860	
311.148682	1.532867	0.010827	
312.740051	1.532258	0.010795	
314.331360	1.531661	0.010764	
315.922760	1.531074	0.010733	
317.514099	1.530499	0.010702	
319.105499	1.529934	0.010671	
320.696869	1.529380	0.010641	
322.288269	1.528836	0.010612	
323.879669	1.528301	0.010583	
325.471069	1.527776	0.010554	
327.062500	1.527261	0.010525	
328.653900	1.526755	0.010497	
330.245331	1.526258	0.010469	
331.836792	1.525770	0.010442	
333.428223	1.525290	0.010415	
335.019684	1.524818	0.010388	
336.611145	1.524355	0.010361	
338.202576	1.523900	0.010335	
339.794037	1.523452	0.010309	
341.385529	1.523012	0.010284	
342.976990	1.522580	0.010259	
344.568481	1.522155	0.010234	
346.159973	1.521737	0.010209	
347.751434	1.521326	0.010185	
349.342957	1.520921	0.010160	
350.934418	1.520524	0.010137	
352.525940	1.520133	0.010113	
354.117401	1.519748	0.010090	
355.708923	1.519369	0.010067	
357.300415	1.518997	0.010044	
358.891907	1.518631	0.010021	
360.483429	1.518270	0.009999	
362.074921	1.517915	0.009977	
363.666443	1.517566	0.009955	
365.257965	1.517222	0.009934	
366.849457	1.516883	0.009912	
368.440979	1.516550	0.009891	
370.032471	1.516222	0.009870	
371.623962	1.515899	0.009850	
373.215485	1.515581	0.009829	
374.806976	1.515267	0.009809	
376.398499	1.514959	0.009789	
377.989990	1.514655	0.009769	
379.581482	1.514356	0.009750	
381.173004	1.514061	0.009730	
382.764465	1.513770	0.009711	
384.355988	1.513484	0.009692	
385.947449	1.513202	0.009673	
387.538971	1.512924	0.009655	
389.130432	1.512650	0.009636	
390.721924	1.512380	0.009618	
392.313416	1.512113	0.009600	
393.904846	1.511851	0.009582	
395.496338	1.511593	0.009565	
397.087799	1.511338	0.009547	
398.679260	1.511086	0.009530	
400.270691	1.510838	0.009513	
401.862122	1.510594	0.009496	
403.453583	1.510353	0.009479	
405.045013	1.510115	0.009462	
406.636414	1.509881	0.009445	
408.227844	1.509650	0.009429	
409.819275	1.509422	0.009413	
411.410706	1.509197	0.009397	
413.002045	1.508975	0.009381	
414.593445	1.508756	0.009365	
416.184814	1.508540	0.009350	
417.776215	1.508327	0.009334	
419.367584	1.508116	0.009319	
420.958923	1.507909	0.009304	
422.550232	1.507704	0.009289	
424.141602	1.507502	0.009274	
425.732910	1.507302	0.009259	
427.324219	1.507105	0.009244	
428.915527	1.506911	0.009230	
430.506836	1.506719	0.009215	
432.098083	1.506529	0.009201	
433.689362	1.506342	0.009187	
435.280609	1.506158	0.009173	
436.871887	1.505975	0.009159	
438.463135	1.505795	0.009145	
440.054352	1.505617	0.009132	
441.645569	1.505442	0.009118	
443.236725	1.505268	0.009105	
444.827942	1.505097	0.009092	
446.419098	1.504928	0.009078	
448.010254	1.504761	0.009065	
449.601379	1.504596	0.009052	
451.192535	1.504433	0.009039	
452.783600	1.504272	0.009027	
454.374695	1.504112	0.009014	
455.965759	1.503955	0.009002	
457.556824	1.503800	0.008989	
459.147888	1.503646	0.008977	
460.738922	1.503494	0.008965	
462.329987	1.503344	0.008953	
463.920959	1.503196	0.008941	
465.511963	1.503050	0.008929	
467.102875	1.502905	0.008917	
468.693848	1.502762	0.008905	
470.284760	1.502621	0.008894	
471.875671	1.502481	0.008882	
473.466614	1.502343	0.008871	
475.057465	1.502206	0.008859	
476.648346	1.502071	0.008848	
478.239166	1.501937	0.008837	
479.829987	1.501805	0.008826	
481.420746	1.501675	0.008815	
483.011566	1.501546	0.008804	
484.602295	1.501418	0.008793	
486.193054	1.501292	0.008782	
487.783752	1.501167	0.008772	
489.374451	1.501043	0.008761	
490.965149	1.500921	0.008751	
492.555756	1.500801	0.008740	
494.146393	1.500681	0.008730	
495.737000	1.500563	0.008720	
497.327576	1.500446	0.008709	
498.918152	1.500330	0.008699	
500.508698	1.500216	0.008689	
502.099213	1.500103	0.008679	
503.689697	1.499991	0.008670	
505.280182	1.499880	0.008660	
506.870605	1.499771	0.008650	
508.461029	1.499662	0.008640	
510.051422	1.499555	0.008631	
511.641785	1.499449	0.008621	
513.232117	1.499343	0.008612	
514.822449	1.499239	0.008602	
516.412720	1.499136	0.008593	
518.003052	1.499035	0.008584	
519.593262	1.498934	0.008575	
521.183472	1.498834	0.008566	
522.773682	1.498735	0.008557	
524.363831	1.498637	0.008548	
525.953979	1.498541	0.008539	
527.544067	1.498445	0.008530	
529.134155	1.498350	0.008521	
530.724182	1.498256	0.008512	
532.314209	1.498163	0.008504	
533.904175	1.498071	0.008495	
535.494141	1.497980	0.008487	
537.084106	1.497890	0.008478	
538.673950	1.497800	0.008470	
540.263855	1.497712	0.008461	
541.853699	1.497624	0.008453	
543.443481	1.497538	0.008445	
545.033325	1.497452	0.008437	
546.623047	1.497367	0.008428	
548.212769	1.497283	0.008420	
549.802429	1.497199	0.008412	
551.392090	1.497116	0.008404	
552.981689	1.497035	0.008396	
554.571289	1.496953	0.008388	
556.160828	1.496873	0.008381	
557.750366	1.496794	0.008373	
559.339844	1.496715	0.008365	
560.929321	1.496637	0.008358	
562.518677	1.496559	0.008350	
564.108093	1.496483	0.008342	
565.697449	1.496407	0.008335	
567.286743	1.496332	0.008327	
568.876099	1.496257	0.008320	
570.465271	1.496183	0.008313	
572.054565	1.496110	0.008305	
573.643677	1.496038	0.008298	
575.232788	1.495966	0.008291	
576.821899	1.495895	0.008284	
578.411011	1.495824	0.008276	
580.000061	1.495755	0.008269	
581.588989	1.495685	0.008262	
583.177979	1.495617	0.008255	
584.766907	1.495549	0.008248	
586.355774	1.495481	0.008241	
587.944580	1.495414	0.008235	
589.533386	1.495348	0.008228	
591.122192	1.495283	0.008221	
592.710876	1.495218	0.008214	
594.299561	1.495153	0.008208	
595.888245	1.495089	0.008201	
597.476807	1.495026	0.008194	
599.065369	1.494963	0.008188	
600.653931	1.494901	0.008181	
602.242371	1.494839	0.008175	
603.830811	1.494778	0.008168	
605.419189	1.494717	0.008162	
607.007568	1.494657	0.008155	
608.595886	1.494598	0.008149	
610.184143	1.494539	0.008143	
611.772339	1.494480	0.008136	
613.360535	1.494422	0.008130	
614.948730	1.494364	0.008124	
616.536804	1.494307	0.008118	
618.124878	1.494250	0.008112	
619.712891	1.494194	0.008106	
621.300842	1.494138	0.008100	
622.888794	1.494083	0.008094	
624.476685	1.494028	0.008088	
626.064453	1.493974	0.008082	
627.652222	1.493920	0.008076	
629.239990	1.493867	0.008070	
630.827698	1.493814	0.008064	
632.415344	1.493761	0.008058	
634.002930	1.493709	0.008053	
635.590515	1.493657	0.008047	
637.178040	1.493606	0.008041	
638.765503	1.493555	0.008035	
640.352905	1.493505	0.008030	
641.940247	1.493455	0.008024	
643.527588	1.493405	0.008019	
645.114868	1.493356	0.008013	
646.702026	1.493307	0.008008	
648.289246	1.493258	0.008002	
649.876343	1.493210	0.007997	
651.463440	1.493163	0.007991	
653.050415	1.493115	0.007986	
654.637390	1.493068	0.007980	
656.224365	1.493022	0.007975	
657.811218	1.492975	0.007970	
659.398071	1.492929	0.007965	
660.984802	1.492884	0.007959	
662.571533	1.492839	0.007954	
664.158203	1.492794	0.007949	
665.744812	1.492750	0.007944	
667.331360	1.492705	0.007939	
668.917847	1.492662	0.007933	
670.504333	1.492618	0.007928	
672.090698	1.492575	0.007923	
673.677124	1.492532	0.007918	
675.263367	1.492490	0.007913	
676.849609	1.492448	0.007908	
678.435791	1.492406	0.007903	
680.021912	1.492364	0.007899	
681.608032	1.492323	0.007894	
683.194031	1.492282	0.007889	
684.779968	1.492242	0.007884	
686.365906	1.492201	0.007879	
687.951782	1.492161	0.007874	
689.537537	1.492122	0.007870	
691.123291	1.492082	0.007865	
692.708984	1.492043	0.007860	
694.294617	1.492004	0.007855	
695.880188	1.491966	0.007851	
697.465698	1.491928	0.007846	
699.051147	1.491890	0.007842	
700.636597	1.491852	0.007837	
702.221863	1.491815	0.007832	
703.807190	1.491777	0.007828	
705.392395	1.491741	0.007823	
706.977539	1.491704	0.007819	
708.562622	1.491668	0.007814	
710.147705	1.491632	0.007810	
711.732666	1.491596	0.007805	
713.317627	1.491560	0.007801	
714.902466	1.491525	0.007797	
716.487244	1.491490	0.007792	
718.072021	1.491455	0.007788	
719.656677	1.491420	0.007784	
721.241333	1.491386	0.007779	
722.825806	1.491352	0.007775	
724.410339	1.491318	0.007771	
725.994751	1.491285	0.007767	
727.579163	1.491251	0.007762	
729.163452	1.491218	0.007758	
730.747681	1.491185	0.007754	
732.331848	1.491153	0.007750	
733.915955	1.491120	0.007746	
735.500000	1.491088	0.007742	
737.083984	1.491056	0.007738	
738.667847	1.491024	0.007733	
740.251770	1.490993	0.007729	
741.835571	1.490961	0.007725	
743.419250	1.490930	0.007721	
745.002869	1.490899	0.007717	
746.586487	1.490868	0.007713	
748.170044	1.490838	0.007709	
749.753479	1.490808	0.007706	
751.336853	1.490777	0.007702	
752.920166	1.490748	0.007698	
754.503418	1.490718	0.007694	
756.086609	1.490688	0.007690	
757.669739	1.490659	0.007686	
759.252808	1.490630	0.007682	
760.835754	1.490601	0.007678	
762.418640	1.490572	0.007675	
764.001465	1.490544	0.007671	
765.584290	1.490516	0.007667	
767.166931	1.490487	0.007663	
768.749573	1.490459	0.007660	
770.332153	1.490432	0.007656	
771.914673	1.490404	0.007652	
773.497009	1.490377	0.007649	
775.079407	1.490349	0.007645	
776.661682	1.490322	0.007641	
778.243835	1.490296	0.007638	
779.825989	1.490269	0.007634	
781.408081	1.490242	0.007631	
782.990051	1.490216	0.007627	
784.571960	1.490190	0.007623	
786.153809	1.490164	0.007620	
787.735535	1.490138	0.007616	
789.317261	1.490112	0.007613	
790.898865	1.490087	0.007609	
792.480408	1.490061	0.007606	
794.061890	1.490036	0.007602	
795.643250	1.490011	0.007599	
797.224548	1.489986	0.007596	
798.805786	1.489961	0.007592	
800.387024	1.489937	0.007589	
801.968079	1.489912	0.007585	
803.549072	1.489888	0.007582	
805.130005	1.489864	0.007579	
806.710876	1.489840	0.007575	
808.291626	1.489816	0.007572	
809.872375	1.489792	0.007569	
811.453003	1.489769	0.007565	
813.033569	1.489746	0.007562	
814.614014	1.489722	0.007559	
816.194458	1.489699	0.007556	
817.774780	1.489676	0.007552	
819.354980	1.489653	0.007549	
820.935181	1.489631	0.007546	
822.515259	1.489608	0.007543	
824.095215	1.489586	0.007540	
825.675110	1.489564	0.007536	
827.255005	1.489542	0.007533	
828.834656	1.489520	0.007530	
830.414368	1.489498	0.007527	
831.993958	1.489476	0.007524	
833.573425	1.489454	0.007521	
835.152954	1.489433	0.007518	
836.732239	1.489412	0.007515	
838.311523	1.489390	0.007512	
839.890747	1.489369	0.007509	
841.469849	1.489348	0.007505	
843.048828	1.489328	0.007502	
844.627747	1.489307	0.007499	
846.206543	1.489286	0.007496	
847.785339	1.489266	0.007493	
849.364075	1.489245	0.007491	
850.942566	1.489225	0.007488	
852.521118	1.489205	0.007485	
854.099487	1.489185	0.007482	
855.677856	1.489165	0.007479	
857.256165	1.489146	0.007476	
858.834290	1.489126	0.007473	
860.412415	1.489106	0.007470	
861.990356	1.489087	0.007467	
863.568237	1.489068	0.007464	
865.146118	1.489048	0.007461	
866.723816	1.489029	0.007459	
868.301453	1.489010	0.007456	
869.879028	1.488992	0.007453	
871.456421	1.488973	0.007450	
873.033875	1.488954	0.007447	
874.611145	1.488936	0.007445	
876.188354	1.488917	0.007442	
877.765442	1.488899	0.007439	
879.342468	1.488881	0.007436	
880.919434	1.488863	0.007434	
882.496277	1.488845	0.007431	
884.073059	1.488827	0.007428	
885.649719	1.488809	0.007425	
887.226257	1.488791	0.007423	
888.802734	1.488774	0.007420	
890.379089	1.488756	0.007417	
891.955383	1.488739	0.007415	
893.531555	1.488721	0.007412	
895.107727	1.488704	0.007409	
896.683716	1.488687	0.007407	
898.259644	1.488670	0.007404	
899.835449	1.488653	0.007402	
901.411255	1.488636	0.007399	
902.986816	1.488619	0.007396	
904.562378	1.488603	0.007394	
906.137817	1.488586	0.007391	
907.713196	1.488570	0.007389	
909.288452	1.488553	0.007386	
910.863647	1.488537	0.007384	
912.438660	1.488521	0.007381	
914.013672	1.488505	0.007379	
915.588562	1.488489	0.007376	
917.163391	1.488473	0.007373	
918.737976	1.488457	0.007371	
920.312622	1.488441	0.007369	
921.887085	1.488425	0.007366	
923.461548	1.488410	0.007364	
925.035828	1.488394	0.007361	
926.609985	1.488379	0.007359	
928.184082	1.488364	0.007356	
929.758118	1.488348	0.007354	
931.332031	1.488333	0.007351	
932.905762	1.488318	0.007349	
934.479492	1.488303	0.007347	
936.053101	1.488288	0.007344	
937.626648	1.488273	0.007342	
939.200012	1.488258	0.007339	
940.773315	1.488244	0.007337	
942.346497	1.488229	0.007335	
943.919617	1.488214	0.007332	
945.492554	1.488200	0.007330	
947.065552	1.488186	0.007328	
948.638306	1.488171	0.007325	
950.211060	1.488157	0.007323	
951.783569	1.488143	0.007321	
953.356079	1.488129	0.007318	
954.928528	1.488115	0.007316	
956.500793	1.488101	0.007314	
958.072937	1.488087	0.007312	
959.645020	1.488073	0.007309	
961.216980	1.488059	0.007307	
962.788879	1.488046	0.007305	
964.360657	1.488032	0.007303	
965.932251	1.488019	0.007300	
967.503784	1.488005	0.007298	
969.075317	1.487992	0.007296	
970.646606	1.487978	0.007294	
972.217896	1.487965	0.007292	
973.788940	1.487952	0.007289	
975.359985	1.487939	0.007287	
976.930847	1.487926	0.007285	
978.501648	1.487913	0.007283	
980.072388	1.487900	0.007281	
981.642944	1.487887	0.007279	
983.213501	1.487874	0.007276	
984.783813	1.487862	0.007274	
986.354126	1.487849	0.007272	
987.924194	1.487836	0.007270	
989.494324	1.487824	0.007268	
991.064270	1.487811	0.007266	
992.634094	1.487799	0.007264	
994.203796	1.487786	0.007262	
995.773315	1.487774	0.007260	
997.342896	1.487762	0.007257	
998.912292	1.487750	0.007255	
1012.271790	1.487648	0.007238	
1015.750671	1.487623	0.007234	
1019.227905	1.487597	0.007229	
1022.703796	1.487572	0.007225	
1026.178101	1.487548	0.007221	
1029.650879	1.487523	0.007216	
1033.122314	1.487499	0.007212	
1036.592285	1.487475	0.007208	
1040.060791	1.487451	0.007204	
1043.527832	1.487427	0.007199	
1046.993530	1.487404	0.007195	
1050.457886	1.487381	0.007191	
1053.920776	1.487358	0.007187	
1057.382446	1.487336	0.007183	
1060.842651	1.487313	0.007179	
1064.301514	1.487291	0.007175	
1067.759155	1.487269	0.007171	
1071.215576	1.487248	0.007167	
1074.670532	1.487226	0.007163	
1078.124268	1.487205	0.007160	
1081.576904	1.487184	0.007156	
1085.028076	1.487163	0.007152	
1088.478149	1.487143	0.007148	
1091.927002	1.487122	0.007144	
1095.374634	1.487102	0.007141	
1098.821045	1.487082	0.007137	
1102.266357	1.487063	0.007133	
1105.710571	1.487043	0.007130	
1109.153564	1.487024	0.007126	
1112.595459	1.487005	0.007122	
1116.036133	1.486986	0.007119	
1119.475830	1.486967	0.007115	
1122.914429	1.486948	0.007112	
1126.352051	1.486930	0.007108	
1129.788452	1.486912	0.007105	
1133.223877	1.486894	0.007101	
1136.658447	1.486876	0.007098	
1140.091919	1.486858	0.007095	
1143.524292	1.486840	0.007091	
1146.955811	1.486823	0.007088	
1150.386230	1.486806	0.007084	
1153.815796	1.486789	0.007081	
1157.244385	1.486772	0.007078	
1160.672119	1.486755	0.007075	
1164.098999	1.486738	0.007071	
1167.524902	1.486722	0.007068	
1170.949951	1.486706	0.007065	
1174.374146	1.486690	0.007062	
1177.797485	1.486674	0.007059	
1181.219971	1.486658	0.007055	
1184.641724	1.486642	0.007052	
1188.062622	1.486627	0.007049	
1191.482666	1.486611	0.007046	
1194.902100	1.486596	0.007043	
1198.320557	1.486581	0.007040	
1201.738525	1.486566	0.007037	
1205.155518	1.486551	0.007034	
1208.572021	1.486536	0.007031	
1211.987671	1.486522	0.007028	
1215.402710	1.486507	0.007025	
1218.817139	1.486493	0.007022	
1222.230713	1.486479	0.007019	
1225.643799	1.486465	0.007016	
1229.056396	1.486451	0.007013	
1232.468140	1.486437	0.007011	
1235.879395	1.486423	0.007008	
1239.290039	1.486409	0.007005	
1242.700073	1.486396	0.007002	
1246.109619	1.486383	0.006999	
1249.518677	1.486369	0.006997	
1252.927002	1.486356	0.006994	
1256.335083	1.486343	0.006991	
1259.742432	1.486330	0.006988	
1263.149536	1.486317	0.006986	
1266.556030	1.486305	0.006983	
1269.962158	1.486292	0.006980	
1273.367798	1.486279	0.006978	
1276.772949	1.486267	0.006975	
1280.177856	1.486255	0.006972	
1283.582275	1.486243	0.006970	
1286.986206	1.486231	0.006967	
1290.389893	1.486219	0.006965	
1293.793213	1.486207	0.006962	
1297.196289	1.486195	0.006959	
1300.598999	1.486183	0.006957	
1304.001343	1.486172	0.006954	
1307.403564	1.486160	0.006952	
1310.805298	1.486149	0.006949	
1314.206787	1.486137	0.006947	
1317.608154	1.486126	0.006944	
1321.009277	1.486115	0.006942	
1324.410156	1.486104	0.006940	
1327.810791	1.486093	0.006937	
1331.211304	1.486082	0.006935	
1334.611572	1.486071	0.006932	
1338.011719	1.486061	0.006930	
1341.411865	1.486050	0.006928	
1344.811646	1.486039	0.006925	
1348.211426	1.486029	0.006923	
1351.611084	1.486018	0.006921	
1355.010742	1.486008	0.006918	
1358.410278	1.485998	0.006916	
1361.809692	1.485988	0.006914	
1365.209106	1.485978	0.006911	
1368.608521	1.485968	0.006909	
1372.007935	1.485958	0.006907	
1375.407349	1.485948	0.006904	
1378.806763	1.485938	0.006902	
1382.206177	1.485928	0.006900	
1385.605713	1.485919	0.006898	
1389.005127	1.485909	0.006896	
1392.404785	1.485900	0.006893	
1395.804443	1.485890	0.006891	
1399.204346	1.485881	0.006889	
1402.604248	1.485872	0.006887	
1406.004395	1.485862	0.006885	
1409.404541	1.485853	0.006883	
1412.804932	1.485844	0.006880	
1416.205566	1.485835	0.006878	
1419.606323	1.485826	0.006876	
1423.007324	1.485817	0.006874	
1426.408447	1.485809	0.006872	
1429.809937	1.485800	0.006870	
1433.211670	1.485791	0.006868	
1436.613525	1.485783	0.006866	
1440.015869	1.485774	0.006864	
1443.418335	1.485765	0.006862	
1446.821167	1.485757	0.006860	
1450.224365	1.485749	0.006858	
1453.627930	1.485740	0.006856	
1457.031738	1.485732	0.006854	
1460.436035	1.485724	0.006852	
1463.840576	1.485716	0.006850	
1467.245605	1.485708	0.006848	
1470.651123	1.485700	0.006846	
1474.056885	1.485692	0.006844	
1477.463135	1.485684	0.006842	
1480.869873	1.485676	0.006840	
1484.277100	1.485668	0.006838	
1487.684814	1.485660	0.006836	
1491.093018	1.485652	0.006834	
1494.501831	1.485645	0.006833	
1497.911133	1.485637	0.006831	
1501.320923	1.485630	0.006829	
1504.731201	1.485622	0.006827	
1508.142212	1.485615	0.006825	
1511.553711	1.485607	0.006823	
1514.965820	1.485600	0.006821	
1518.378662	1.485593	0.006820	
1521.791992	1.485585	0.006818	
1525.205933	1.485578	0.006816	
1528.620605	1.485571	0.006814	
1532.036011	1.485564	0.006812	
1535.452026	1.485557	0.006810	
1538.868896	1.485550	0.006809	
1542.286377	1.485543	0.006807	
1545.704468	1.485536	0.006805	
1549.123413	1.485529	0.006803	
1552.543213	1.485522	0.006802	
1555.963623	1.485515	0.006800	
1559.385010	1.485509	0.006798	
1562.807007	1.485502	0.006796	
1566.229980	1.485495	0.006795	
1569.653687	1.485489	0.006793	
1573.078369	1.485482	0.006791	
1576.503784	1.485475	0.006790	
1579.930176	1.485469	0.006788	
1583.357422	1.485462	0.006786	
1586.785645	1.485456	0.006785	
1590.214600	1.485450	0.006783	
1593.644775	1.485443	0.006781	
1597.075684	1.485437	0.006780	
1600.507568	1.485431	0.006778	
1603.940674	1.485425	0.006776	
1607.374512	1.485418	0.006775	
1610.809448	1.485412	0.006773	
1614.245361	1.485406	0.006771	
1617.682373	1.485400	0.006770	
1621.120483	1.485394	0.006768	
1624.559692	1.485388	0.006767	
1627.999756	1.485382	0.006765	
1631.441162	1.485376	0.006763	
1634.883545	1.485370	0.006762	
1638.327148	1.485364	0.006760	
1641.771851	1.485359	0.006759	
1645.217773	1.485353	0.006757	
1648.664795	1.485347	0.006756	
1652.113037	1.485341	0.006754	
1655.562500	1.485336	0.006753	
1659.013062	1.485330	0.006751	
1662.465088	1.485325	0.006749	
1665.918213	1.485319	0.006748	
1669.372437	1.485313	0.006746	
1672.828125	1.485308	0.006745	
1676.285156	1.485302	0.006743	
1679.743408	1.485297	0.006742	
1683.202881	1.485291	0.006740	
1686.663818	1.485286	0.006739	