Thickness # 1 in nm vs. Position
X (cm)	Y (cm)	Z
-0.000000	4.500000	333.368469
-1.800000	4.050000	401.049225
-1.350000	4.050000	382.729950
-0.900000	4.050000	370.915710
-0.450000	4.050000	360.679504
0.000000	4.050000	351.147095
0.450000	4.050000	343.334778
0.900000	4.050000	336.342010
1.350000	4.050000	330.434967
1.800000	4.050000	325.424561
2.700000	3.600000	329.756104
2.250000	3.600000	332.950165
1.800000	3.600000	336.126923
1.350000	3.600000	341.020660
0.900000	3.600000	347.708801
0.450000	3.600000	355.042206
-0.000000	3.600000	363.109924
-0.450000	3.600000	372.199036
-0.900000	3.600000	381.682556
-1.350000	3.600000	393.041656
-1.800000	3.600000	405.860748
-2.250000	3.600000	421.477722
-2.700000	3.600000	447.179016
-3.150000	3.150000	469.246002
-2.700000	3.150000	443.713959
-2.250000	3.150000	428.210999
-1.800000	3.150000	414.811279
-1.350000	3.150000	403.277679
-0.900000	3.150000	393.403381
-0.450000	3.150000	383.700073
0.000000	3.150000	374.660095
0.450000	3.150000	366.715607
0.900000	3.150000	359.297485
1.350000	3.150000	353.044861
1.800000	3.150000	347.880432
2.250000	3.150000	343.704590
2.700000	3.150000	341.441315
3.150000	3.150000	339.708984
3.600000	2.700000	351.035461
3.150000	2.700000	352.065491
2.700000	2.700000	353.012787
2.250000	2.700000	355.830231
1.800000	2.700000	359.918732
1.350000	2.700000	365.304749
0.900000	2.700000	371.553040
0.450000	2.700000	378.587250
-0.000000	2.700000	386.975433
-0.450000	2.700000	395.462311
-0.900000	2.700000	404.034821
-1.350000	2.700000	413.685699
-1.800000	2.700000	423.762787
-2.250000	2.700000	434.923187
-2.700000	2.700000	448.372559
-3.150000	2.700000	466.336670
-3.600000	2.700000	492.335785
-3.600000	2.250000	492.009705
-3.150000	2.250000	468.770508
-2.700000	2.250000	455.443420
-2.250000	2.250000	443.841461
-1.800000	2.250000	434.388672
-1.350000	2.250000	423.856445
-0.900000	2.250000	413.947266
-0.450000	2.250000	406.371521
0.000000	2.250000	398.848755
0.450000	2.250000	390.432739
0.900000	2.250000	383.766571
1.350000	2.250000	377.450836
1.800000	2.250000	372.175537
2.250000	2.250000	368.251709
2.700000	2.250000	365.180237
3.150000	2.250000	364.089142
3.600000	2.250000	364.882385
4.050000	1.800000	378.369080
3.600000	1.800000	377.191101
3.150000	1.800000	376.888794
2.700000	1.800000	378.255768
2.250000	1.800000	381.070251
1.800000	1.800000	384.921600
1.350000	1.800000	390.351379
0.900000	1.800000	395.731934
0.450000	1.800000	402.135071
-0.000000	1.800000	409.348694
-0.450000	1.800000	416.869446
-0.900000	1.800000	425.344543
-1.350000	1.800000	434.387207
-1.800000	1.800000	443.742035
-2.250000	1.800000	453.276703
-2.700000	1.800000	463.556213
-3.150000	1.800000	473.951080
-3.600000	1.800000	491.432190
-4.050000	1.800000	517.434631
-4.050000	1.350000	518.609619
-3.600000	1.350000	492.513245
-3.150000	1.350000	479.355774
-2.700000	1.350000	469.439636
-2.250000	1.350000	460.431213
-1.800000	1.350000	451.640961
-1.350000	1.350000	443.026794
-0.900000	1.350000	435.566559
-0.450000	1.350000	426.689301
0.000000	1.350000	420.249329
0.450000	1.350000	413.679840
0.900000	1.350000	407.618652
1.350000	1.350000	402.698456
1.800000	1.350000	398.319031
2.250000	1.350000	394.396332
2.700000	1.350000	392.170258
3.150000	1.350000	390.792267
3.600000	1.350000	390.497009
4.050000	1.350000	392.984192
4.050000	0.900000	407.688110
3.600000	0.900000	405.032898
3.150000	0.900000	405.060516
2.700000	0.900000	406.755005
2.250000	0.900000	408.495422
1.800000	0.900000	410.890045
1.350000	0.900000	415.086334
0.900000	0.900000	419.853668
0.450000	0.900000	424.388519
-0.000000	0.900000	429.264984
-0.450000	0.900000	436.189117
-0.900000	0.900000	444.369629
-1.350000	0.900000	451.683167
-1.800000	0.900000	458.216949
-2.250000	0.900000	465.762512
-2.700000	0.900000	474.782318
-3.150000	0.900000	483.224792
-3.600000	0.900000	494.215729
-4.050000	0.900000	518.274414
-4.050000	0.450000	516.980286
-3.600000	0.450000	495.784271
-3.150000	0.450000	485.630463
-2.700000	0.450000	478.056976
-2.250000	0.450000	471.147064
-1.800000	0.450000	465.060303
-1.350000	0.450000	458.164978
-0.900000	0.450000	451.866058
-0.450000	0.450000	445.288422
0.000000	0.450000	439.679779
0.450000	0.450000	436.172943
0.900000	0.450000	432.561615
1.350000	0.450000	427.253815
1.800000	0.450000	423.971039
2.250000	0.450000	422.387512
2.700000	0.450000	421.147369
3.150000	0.450000	419.987549
3.600000	0.450000	420.427002
4.050000	0.450000	423.019623
4.500000	-0.000000	442.662109
4.050000	-0.000000	439.467041
3.600000	-0.000000	436.302979
3.150000	-0.000000	435.297028
2.700000	-0.000000	435.495941
2.250000	-0.000000	435.990417
1.800000	-0.000000	437.139221
1.350000	-0.000000	439.282166
0.900000	-0.000000	443.559723
0.450000	-0.000000	446.603516
-0.000000	-0.000000	448.291443
-0.450000	-0.000000	452.970032
-0.900000	-0.000000	458.308746
-1.350000	-0.000000	464.651062
-1.800000	-0.000000	469.960052
-2.250000	-0.000000	475.264221
-2.700000	-0.000000	481.068909
-3.150000	-0.000000	486.905945
-3.600000	-0.000000	496.024719
-4.050000	-0.000000	515.586914
-4.500000	-0.000000	528.209534
-4.050000	-0.450000	515.845093
-3.600000	-0.450000	497.015533
-3.150000	-0.450000	487.904694
-2.700000	-0.450000	483.126129
-2.250000	-0.450000	478.535248
-1.800000	-0.450000	474.457092
-1.350000	-0.450000	469.392639
-0.900000	-0.450000	464.407043
-0.450000	-0.450000	460.114349
0.000000	-0.450000	457.383453
0.450000	-0.450000	455.781586
0.900000	-0.450000	453.343903
1.350000	-0.450000	450.486145
1.800000	-0.450000	450.037201
2.250000	-0.450000	449.730469
2.700000	-0.450000	450.109375
3.150000	-0.450000	450.768158
3.600000	-0.450000	452.958160
4.050000	-0.450000	456.242126
4.050000	-0.900000	473.848328
3.600000	-0.900000	469.249084
3.150000	-0.900000	466.423828
2.700000	-0.900000	464.561096
2.250000	-0.900000	464.225891
1.800000	-0.900000	462.558777
1.350000	-0.900000	462.532410
0.900000	-0.900000	463.033600
0.450000	-0.900000	464.382477
-0.000000	-0.900000	466.289398
-0.450000	-0.900000	468.390533
-0.900000	-0.900000	470.537659
-1.350000	-0.900000	473.785706
-1.800000	-0.900000	478.163818
-2.250000	-0.900000	482.303070
-2.700000	-0.900000	485.466736
-3.150000	-0.900000	488.540436
-3.600000	-0.900000	496.338135
-4.050000	-0.900000	515.635376
-4.050000	-1.350000	515.449707
-3.600000	-1.350000	496.199280
-3.150000	-1.350000	486.744812
-2.700000	-1.350000	485.267426
-2.250000	-1.350000	482.164490
-1.800000	-1.350000	480.365906
-1.350000	-1.350000	477.044434
-0.900000	-1.350000	476.012848
-0.450000	-1.350000	474.838379
0.000000	-1.350000	473.973877
0.450000	-1.350000	473.157074
0.900000	-1.350000	473.226807
1.350000	-1.350000	473.645264
1.800000	-1.350000	475.104492
2.250000	-1.350000	477.060303
2.700000	-1.350000	479.333984
3.150000	-1.350000	482.175446
3.600000	-1.350000	485.750732
4.050000	-1.350000	491.654785
4.050000	-1.800000	509.406067
3.600000	-1.800000	502.475677
3.150000	-1.800000	497.635315
2.700000	-1.800000	494.062317
2.250000	-1.800000	489.930115
1.800000	-1.800000	487.288239
1.350000	-1.800000	484.576752
0.900000	-1.800000	482.686523
0.450000	-1.800000	481.533295
-0.000000	-1.800000	480.735352
-0.450000	-1.800000	480.285492
-0.900000	-1.800000	480.007874
-1.350000	-1.800000	480.491302
-1.800000	-1.800000	481.592590
-2.250000	-1.800000	482.247375
-2.700000	-1.800000	483.467712
-3.150000	-1.800000	484.957764
-3.600000	-1.800000	495.873444
-4.050000	-1.800000	513.235962
-3.600000	-2.250000	498.433929
-3.150000	-2.250000	482.506897
-2.700000	-2.250000	479.558746
-2.250000	-2.250000	481.160065
-1.800000	-2.250000	482.266357
-1.350000	-2.250000	482.519684
-0.900000	-2.250000	483.535645
-0.450000	-2.250000	484.732605
0.000000	-2.250000	486.634949
0.450000	-2.250000	489.046814
0.900000	-2.250000	491.615082
1.350000	-2.250000	494.531067
1.800000	-2.250000	498.671539
2.250000	-2.250000	502.877441
2.700000	-2.250000	507.706360
3.150000	-2.250000	512.675415
3.600000	-2.250000	519.350952
3.600000	-2.700000	536.939575
3.150000	-2.700000	527.720886
2.700000	-2.700000	521.067017
2.250000	-2.700000	515.057434
1.800000	-2.700000	509.834381
1.350000	-2.700000	504.451996
0.900000	-2.700000	499.855072
0.450000	-2.700000	496.067810
-0.000000	-2.700000	491.818695
-0.450000	-2.700000	488.459534
-0.900000	-2.700000	485.848450
-1.350000	-2.700000	484.173645
-1.800000	-2.700000	481.423279
-2.250000	-2.700000	477.594910
-2.700000	-2.700000	475.706146
-3.150000	-2.700000	483.369476
-3.600000	-2.700000	501.004089
-3.150000	-3.150000	492.632263
-2.700000	-3.150000	475.360596
-2.250000	-3.150000	474.712738
-1.800000	-3.150000	479.659027
-1.350000	-3.150000	483.658264
-0.900000	-3.150000	487.565674
-0.450000	-3.150000	491.554047
0.000000	-3.150000	496.506348
0.450000	-3.150000	501.899109
0.900000	-3.150000	507.232178
1.350000	-3.150000	513.780090
1.800000	-3.150000	520.314087
2.250000	-3.150000	527.176941
2.700000	-3.150000	534.831360
3.150000	-3.150000	544.558289
2.700000	-3.600000	550.665649
2.250000	-3.600000	539.620789
1.800000	-3.600000	530.405762
1.350000	-3.600000	522.633667
0.900000	-3.600000	514.793274
0.450000	-3.600000	507.100433
-0.000000	-3.600000	500.320953
-0.450000	-3.600000	493.862213
-0.900000	-3.600000	487.746399
-1.350000	-3.600000	481.931641
-1.800000	-3.600000	476.084473
-2.250000	-3.600000	473.378754
-2.700000	-3.600000	487.094299
-1.800000	-4.050000	476.634521
-1.350000	-4.050000	479.803802
-0.900000	-4.050000	486.571594
-0.450000	-4.050000	493.962646
0.000000	-4.050000	502.129883
0.450000	-4.050000	511.051331
0.900000	-4.050000	521.035034
1.350000	-4.050000	531.734680
1.800000	-4.050000	541.758484
-0.000000	-4.500000	500.285645
