Thickness # 1 in nm vs. Position
X (cm)	Y (cm)	Z
-0.000000	4.500000	511.244965
-1.800000	4.050000	564.472473
-1.350000	4.050000	554.567261
-0.900000	4.050000	546.488525
-0.450000	4.050000	539.087219
0.000000	4.050000	531.822144
0.450000	4.050000	525.102417
0.900000	4.050000	518.057678
1.350000	4.050000	511.512115
1.800000	4.050000	505.355804
2.700000	3.600000	497.899994
2.250000	3.600000	499.112701
1.800000	3.600000	501.743988
1.350000	3.600000	506.293152
0.900000	3.600000	511.719910
0.450000	3.600000	517.806824
-0.000000	3.600000	523.649658
-0.450000	3.600000	530.052856
-0.900000	3.600000	536.125610
-1.350000	3.600000	542.901367
-1.800000	3.600000	549.493103
-2.250000	3.600000	556.369019
-2.700000	3.600000	572.837952
-3.150000	3.150000	562.429016
-2.700000	3.150000	546.693115
-2.250000	3.150000	540.981018
-1.800000	3.150000	536.661865
-1.350000	3.150000	531.932251
-0.900000	3.150000	526.416260
-0.450000	3.150000	521.329346
0.000000	3.150000	515.885681
0.450000	3.150000	510.684570
0.900000	3.150000	505.528564
1.350000	3.150000	501.544434
1.800000	3.150000	498.769623
2.250000	3.150000	497.059265
2.700000	3.150000	497.253418
3.150000	3.150000	498.406189
3.600000	2.700000	501.833649
3.150000	2.700000	498.917725
2.700000	2.700000	496.491394
2.250000	2.700000	495.346497
1.800000	2.700000	496.133057
1.350000	2.700000	497.407227
0.900000	2.700000	499.406891
0.450000	2.700000	503.065613
-0.000000	2.700000	506.587646
-0.450000	2.700000	510.816650
-0.900000	2.700000	515.281982
-1.350000	2.700000	519.879150
-1.800000	2.700000	523.856140
-2.250000	2.700000	526.953918
-2.700000	2.700000	530.297180
-3.150000	2.700000	535.888062
-3.600000	2.700000	551.840454
-3.600000	2.250000	525.613770
-3.150000	2.250000	517.231323
-2.700000	2.250000	515.337463
-2.250000	2.250000	512.765747
-1.800000	2.250000	510.148041
-1.350000	2.250000	507.783630
-0.900000	2.250000	504.447266
-0.450000	2.250000	500.164642
0.000000	2.250000	497.569153
0.450000	2.250000	495.518982
0.900000	2.250000	493.175201
1.350000	2.250000	492.918152
1.800000	2.250000	493.010895
2.250000	2.250000	493.917389
2.700000	2.250000	496.025696
3.150000	2.250000	500.700378
3.600000	2.250000	503.868073
4.050000	1.800000	511.494537
3.600000	1.800000	505.814697
3.150000	1.800000	501.111145
2.700000	1.800000	495.975891
2.250000	1.800000	491.663818
1.800000	1.800000	489.696594
1.350000	1.800000	488.359375
0.900000	1.800000	487.198334
0.450000	1.800000	486.961761
-0.000000	1.800000	487.565826
-0.450000	1.800000	489.297180
-0.900000	1.800000	491.447571
-1.350000	1.800000	493.977356
-1.800000	1.800000	495.921570
-2.250000	1.800000	496.776550
-2.700000	1.800000	498.893646
-3.150000	1.800000	500.652100
-3.600000	1.800000	503.253906
-4.050000	1.800000	517.185974
-4.050000	1.350000	492.697357
-3.600000	1.350000	482.865662
-3.150000	1.350000	483.012543
-2.700000	1.350000	482.735443
-2.250000	1.350000	481.704529
-1.800000	1.350000	480.769104
-1.350000	1.350000	479.943787
-0.900000	1.350000	478.875641
-0.450000	1.350000	478.427643
0.000000	1.350000	477.909851
0.450000	1.350000	478.707855
0.900000	1.350000	479.953217
1.350000	1.350000	482.591400
1.800000	1.350000	486.039703
2.250000	1.350000	489.764709
2.700000	1.350000	495.073395
3.150000	1.350000	500.993988
3.600000	1.350000	507.445801
4.050000	1.350000	513.454407
4.050000	0.900000	516.397095
3.600000	0.900000	508.210754
3.150000	0.900000	500.163727
2.700000	0.900000	492.859314
2.250000	0.900000	486.725677
1.800000	0.900000	481.023987
1.350000	0.900000	476.775787
0.900000	0.900000	474.271973
0.450000	0.900000	470.399231
-0.000000	0.900000	468.010437
-0.450000	0.900000	466.897369
-0.900000	0.900000	465.828125
-1.350000	0.900000	465.352844
-1.800000	0.900000	465.891113
-2.250000	0.900000	465.533875
-2.700000	0.900000	465.219788
-3.150000	0.900000	465.213715
-3.600000	0.900000	464.103668
-4.050000	0.900000	470.355713
-4.050000	0.450000	451.299957
-3.600000	0.450000	447.759613
-3.150000	0.450000	447.817780
-2.700000	0.450000	448.137543
-2.250000	0.450000	449.794769
-1.800000	0.450000	450.838562
-1.350000	0.450000	451.625092
-0.900000	0.450000	452.798584
-0.450000	0.450000	454.820374
0.000000	0.450000	457.110596
0.450000	0.450000	461.385651
0.900000	0.450000	466.020660
1.350000	0.450000	470.610504
1.800000	0.450000	475.990173
2.250000	0.450000	482.488434
2.700000	0.450000	490.006653
3.150000	0.450000	498.724121
3.600000	0.450000	508.172302
4.050000	0.450000	518.761841
4.500000	-0.000000	533.464722
4.050000	-0.000000	519.575256
3.600000	-0.000000	507.231781
3.150000	-0.000000	496.465759
2.700000	-0.000000	486.999664
2.250000	-0.000000	478.370056
1.800000	-0.000000	470.966614
1.350000	-0.000000	463.773132
0.900000	-0.000000	457.784729
0.450000	-0.000000	452.049988
-0.000000	-0.000000	446.700134
-0.450000	-0.000000	443.190582
-0.900000	-0.000000	439.847900
-1.350000	-0.000000	438.193268
-1.800000	-0.000000	435.746582
-2.250000	-0.000000	433.872650
-2.700000	-0.000000	432.518860
-3.150000	-0.000000	431.008606
-3.600000	-0.000000	429.820862
-4.050000	-0.000000	432.362549
-4.500000	-0.000000	441.630920
-4.050000	-0.450000	415.023865
-3.600000	-0.450000	412.178528
-3.150000	-0.450000	413.242096
-2.700000	-0.450000	416.501129
-2.250000	-0.450000	418.809387
-1.800000	-0.450000	420.971924
-1.350000	-0.450000	423.721344
-0.900000	-0.450000	427.027008
-0.450000	-0.450000	431.737366
0.000000	-0.450000	436.107330
0.450000	-0.450000	441.816345
0.900000	-0.450000	448.881042
1.350000	-0.450000	456.233704
1.800000	-0.450000	464.586365
2.250000	-0.450000	473.306152
2.700000	-0.450000	482.915283
3.150000	-0.450000	493.829407
3.600000	-0.450000	505.689636
4.050000	-0.450000	519.443237
4.050000	-0.900000	518.229614
3.600000	-0.900000	503.006836
3.150000	-0.900000	490.051514
2.700000	-0.900000	478.176208
2.250000	-0.900000	467.920410
1.800000	-0.900000	457.856995
1.350000	-0.900000	448.551025
0.900000	-0.900000	439.682953
0.450000	-0.900000	431.962250
-0.000000	-0.900000	425.549408
-0.450000	-0.900000	419.403809
-0.900000	-0.900000	414.018707
-1.350000	-0.900000	409.730316
-1.800000	-0.900000	406.122009
-2.250000	-0.900000	402.550354
-2.700000	-0.900000	399.302673
-3.150000	-0.900000	396.000488
-3.600000	-0.900000	394.126038
-4.050000	-0.900000	398.589294
-4.050000	-1.350000	384.217468
-3.600000	-1.350000	376.585724
-3.150000	-1.350000	379.049957
-2.700000	-1.350000	382.531097
-2.250000	-1.350000	386.764099
-1.800000	-1.350000	391.560791
-1.350000	-1.350000	395.791565
-0.900000	-1.350000	401.294983
-0.450000	-1.350000	407.483826
0.000000	-1.350000	414.257233
0.450000	-1.350000	421.802399
0.900000	-1.350000	430.811584
1.350000	-1.350000	440.281433
1.800000	-1.350000	450.843903
2.250000	-1.350000	461.977386
2.700000	-1.350000	472.657562
3.150000	-1.350000	485.909576
3.600000	-1.350000	499.896332
4.050000	-1.350000	516.787292
4.050000	-1.800000	514.340942
3.600000	-1.800000	496.068909
3.150000	-1.800000	480.443207
2.700000	-1.800000	466.706116
2.250000	-1.800000	454.893799
1.800000	-1.800000	443.133392
1.350000	-1.800000	431.503326
0.900000	-1.800000	420.863586
0.450000	-1.800000	411.463531
-0.000000	-1.800000	403.172089
-0.450000	-1.800000	394.921661
-0.900000	-1.800000	388.203186
-1.350000	-1.800000	381.894653
-1.800000	-1.800000	376.419067
-2.250000	-1.800000	371.146423
-2.700000	-1.800000	366.259583
-3.150000	-1.800000	362.493256
-3.600000	-1.800000	360.439758
-4.050000	-1.800000	372.810364
-3.600000	-2.250000	347.923737
-3.150000	-2.250000	345.590057
-2.700000	-2.250000	350.637085
-2.250000	-2.250000	355.509521
-1.800000	-2.250000	361.660950
-1.350000	-2.250000	368.277649
-0.900000	-2.250000	374.903442
-0.450000	-2.250000	382.440735
0.000000	-2.250000	391.073761
0.450000	-2.250000	400.474304
0.900000	-2.250000	410.871155
1.350000	-2.250000	421.741150
1.800000	-2.250000	434.605652
2.250000	-2.250000	447.275482
2.700000	-2.250000	460.042084
3.150000	-2.250000	475.089691
3.600000	-2.250000	491.572418
3.600000	-2.700000	487.106293
3.150000	-2.700000	468.534515
2.700000	-2.700000	453.295715
2.250000	-2.700000	439.305847
1.800000	-2.700000	425.797424
1.350000	-2.700000	411.787903
0.900000	-2.700000	399.802338
0.450000	-2.700000	388.892395
-0.000000	-2.700000	378.814697
-0.450000	-2.700000	369.645172
-0.900000	-2.700000	361.628937
-1.350000	-2.700000	354.234680
-1.800000	-2.700000	347.347565
-2.250000	-2.700000	341.143738
-2.700000	-2.700000	334.537476
-3.150000	-2.700000	332.198914
-3.600000	-2.700000	341.128998
-3.150000	-3.150000	325.401855
-2.700000	-3.150000	321.574127
-2.250000	-3.150000	326.797363
-1.800000	-3.150000	333.816345
-1.350000	-3.150000	340.167297
-0.900000	-3.150000	348.341248
-0.450000	-3.150000	356.674286
0.000000	-3.150000	366.123840
0.450000	-3.150000	376.723999
0.900000	-3.150000	388.310577
1.350000	-3.150000	401.464417
1.800000	-3.150000	415.729980
2.250000	-3.150000	431.085938
2.700000	-3.150000	445.829590
3.150000	-3.150000	463.250885
2.700000	-3.600000	439.140228
2.250000	-3.600000	421.234863
1.800000	-3.600000	405.574158
1.350000	-3.600000	391.059906
0.900000	-3.600000	376.585510
0.450000	-3.600000	364.269836
-0.000000	-3.600000	353.031433
-0.450000	-3.600000	343.600067
-0.900000	-3.600000	335.184326
-1.350000	-3.600000	327.019104
-1.800000	-3.600000	319.910065
-2.250000	-3.600000	313.139404
-2.700000	-3.600000	314.335266
-1.800000	-4.050000	307.506042
-1.350000	-4.050000	314.330688
-0.900000	-4.050000	321.966278
-0.450000	-4.050000	330.432434
0.000000	-4.050000	340.090118
0.450000	-4.050000	351.491150
0.900000	-4.050000	364.824341
1.350000	-4.050000	379.757782
1.800000	-4.050000	395.608276
-0.000000	-4.500000	325.976898
