Opt. Const. of Quartz E vs. nm
nm	n	k
241.143356	1.621127	0.000000	
242.734009	1.620432	0.000000	
244.324661	1.619737	0.000000	
245.915359	1.619042	0.000000	
247.506058	1.618346	0.000000	
249.096802	1.617650	0.000000	
250.687546	1.616954	0.000000	
252.278320	1.616257	0.000000	
253.869110	1.615561	0.000000	
255.459930	1.614863	0.000000	
257.050751	1.614166	0.000000	
258.641602	1.613468	0.000000	
260.232483	1.612770	0.000000	
261.823364	1.612072	0.000000	
263.414276	1.611373	0.000000	
265.005188	1.610674	0.000000	
266.596130	1.609974	0.000000	
268.187103	1.609275	0.000000	
269.778076	1.608575	0.000000	
271.369080	1.607875	0.000000	
272.960083	1.607174	0.000000	
274.551117	1.606473	0.000000	
276.142151	1.605772	0.000000	
277.733215	1.605070	0.000000	
279.324310	1.604368	0.000000	
280.915405	1.603666	0.000000	
282.506500	1.602964	0.000000	
284.097626	1.602261	0.000000	
285.688782	1.601558	0.000000	
287.279907	1.600854	0.000000	
288.871063	1.600151	0.000000	
290.462250	1.599447	0.000000	
292.053436	1.598742	0.000000	
293.644653	1.598037	0.000000	
295.235870	1.597332	0.000000	
296.827087	1.596627	0.000000	
298.418335	1.595922	0.000000	
300.009583	1.595216	0.000000	
301.600861	1.594509	0.000000	
303.192139	1.593803	0.000000	
304.783417	1.593096	0.000000	
306.374725	1.592389	0.000000	
307.966034	1.591681	0.000000	
309.557373	1.590973	0.000000	
311.148682	1.590265	0.000000	
312.740051	1.589556	0.000000	
314.331360	1.588848	0.000000	
315.922760	1.588138	0.000000	
317.514099	1.587429	0.000000	
319.105499	1.586719	0.000000	
320.696869	1.586009	0.000000	
322.288269	1.585299	0.000000	
323.879669	1.584588	0.000000	
325.471069	1.583877	0.000000	
327.062500	1.583165	0.000000	
328.653900	1.582454	0.000000	
330.245331	1.581742	0.000000	
331.836792	1.581029	0.000000	
333.428223	1.580317	0.000000	
335.019684	1.579603	0.000000	
336.611145	1.578890	0.000000	
338.202576	1.578176	0.000000	
339.794037	1.577462	0.000000	
341.385529	1.577132	0.000000	
342.976990	1.576858	0.000000	
344.568481	1.576584	0.000000	
346.159973	1.576310	0.000000	
347.751434	1.576036	0.000000	
349.342957	1.575761	0.000000	
350.934418	1.575487	0.000000	
352.525940	1.575213	0.000000	
354.117401	1.574939	0.000000	
355.708923	1.574664	0.000000	
357.300415	1.574390	0.000000	
358.891907	1.574116	0.000000	
360.483429	1.573841	0.000000	
362.074921	1.573567	0.000000	
363.666443	1.573292	0.000000	
365.257965	1.573018	0.000000	
366.849457	1.572743	0.000000	
368.440979	1.572468	0.000000	
370.032471	1.572194	0.000000	
371.623962	1.571919	0.000000	
373.215485	1.571644	0.000000	
374.806976	1.571369	0.000000	
376.398499	1.571094	0.000000	
377.989990	1.570819	0.000000	
379.581482	1.570544	0.000000	
381.173004	1.570269	0.000000	
382.764465	1.569994	0.000000	
384.355988	1.569719	0.000000	
385.947449	1.569443	0.000000	
387.538971	1.569168	0.000000	
389.130432	1.568893	0.000000	
390.721924	1.568617	0.000000	
392.313416	1.568342	0.000000	
393.904846	1.568066	0.000000	
395.496338	1.567876	0.000000	
397.087799	1.567691	0.000000	
398.679260	1.567506	0.000000	
400.270691	1.567320	0.000000	
401.862122	1.567135	0.000000	
403.453583	1.566950	0.000000	
405.045013	1.566765	0.000000	
406.636414	1.566579	0.000000	
408.227844	1.566394	0.000000	
409.819275	1.566209	0.000000	
411.410706	1.566023	0.000000	
413.002045	1.565838	0.000000	
414.593445	1.565653	0.000000	
416.184814	1.565467	0.000000	
417.776215	1.565282	0.000000	
419.367584	1.565096	0.000000	
420.958923	1.564911	0.000000	
422.550232	1.564725	0.000000	
424.141602	1.564540	0.000000	
425.732910	1.564354	0.000000	
427.324219	1.564169	0.000000	
428.915527	1.563983	0.000000	
430.506836	1.563797	0.000000	
432.098083	1.563612	0.000000	
433.689362	1.563426	0.000000	
435.280609	1.563288	0.000000	
436.871887	1.563160	0.000000	
438.463135	1.563033	0.000000	
440.054352	1.562906	0.000000	
441.645569	1.562778	0.000000	
443.236725	1.562651	0.000000	
444.827942	1.562524	0.000000	
446.419098	1.562396	0.000000	
448.010254	1.562269	0.000000	
449.601379	1.562142	0.000000	
451.192535	1.562014	0.000000	
452.783600	1.561887	0.000000	
454.374695	1.561759	0.000000	
455.965759	1.561632	0.000000	
457.556824	1.561505	0.000000	
459.147888	1.561377	0.000000	
460.738922	1.561250	0.000000	
462.329987	1.561122	0.000000	
463.920959	1.560995	0.000000	
465.511963	1.560868	0.000000	
467.102875	1.560740	0.000000	
468.693848	1.560613	0.000000	
470.284760	1.560485	0.000000	
471.875671	1.560358	0.000000	
473.466614	1.560230	0.000000	
475.057465	1.560103	0.000000	
476.648346	1.559975	0.000000	
478.239166	1.559848	0.000000	
479.829987	1.559720	0.000000	
481.420746	1.559592	0.000000	
483.011566	1.559465	0.000000	
484.602295	1.559337	0.000000	
486.193054	1.559210	0.000000	
487.783752	1.559082	0.000000	
489.374451	1.558955	0.000000	
490.965149	1.558827	0.000000	
492.555756	1.558699	0.000000	
494.146393	1.558572	0.000000	
495.737000	1.558444	0.000000	
497.327576	1.558317	0.000000	
498.918152	1.558189	0.000000	
500.508698	1.558061	0.000000	
502.099213	1.557934	0.000000	
503.689697	1.557806	0.000000	
505.280182	1.557678	0.000000	
506.870605	1.557551	0.000000	
508.461029	1.557437	0.000000	
510.051422	1.557356	0.000000	
511.641785	1.557276	0.000000	
513.232117	1.557196	0.000000	
514.822449	1.557116	0.000000	
516.412720	1.557035	0.000000	
518.003052	1.556955	0.000000	
519.593262	1.556875	0.000000	
521.183472	1.556794	0.000000	
522.773682	1.556714	0.000000	
524.363831	1.556634	0.000000	
525.953979	1.556553	0.000000	
527.544067	1.556473	0.000000	
529.134155	1.556393	0.000000	
530.724182	1.556312	0.000000	
532.314209	1.556232	0.000000	
533.904175	1.556152	0.000000	
535.494141	1.556071	0.000000	
537.084106	1.555991	0.000000	
538.673950	1.555911	0.000000	
540.263855	1.555830	0.000000	
541.853699	1.555750	0.000000	
543.443481	1.555670	0.000000	
545.033325	1.555589	0.000000	
546.623047	1.555509	0.000000	
548.212769	1.555428	0.000000	
549.802429	1.555348	0.000000	
551.392090	1.555268	0.000000	
552.981689	1.555187	0.000000	
554.571289	1.555107	0.000000	
556.160828	1.555027	0.000000	
557.750366	1.554946	0.000000	
559.339844	1.554866	0.000000	
560.929321	1.554785	0.000000	
562.518677	1.554705	0.000000	
564.108093	1.554625	0.000000	
565.697449	1.554544	0.000000	
567.286743	1.554464	0.000000	
568.876099	1.554384	0.000000	
570.465271	1.554303	0.000000	
572.054565	1.554223	0.000000	
573.643677	1.554142	0.000000	
575.232788	1.554062	0.000000	
576.821899	1.553982	0.000000	
578.411011	1.553901	0.000000	
580.000061	1.553821	0.000000	
581.588989	1.553740	0.000000	
583.177979	1.553660	0.000000	
584.766907	1.553579	0.000000	
586.355774	1.553499	0.000000	
587.944580	1.553419	0.000000	
589.533386	1.553343	0.000000	
591.122192	1.553295	0.000000	
592.710876	1.553247	0.000000	
594.299561	1.553199	0.000000	
595.888245	1.553151	0.000000	
597.476807	1.553103	0.000000	
599.065369	1.553055	0.000000	
600.653931	1.553007	0.000000	
602.242371	1.552959	0.000000	
603.830811	1.552911	0.000000	
605.419189	1.552863	0.000000	
607.007568	1.552815	0.000000	
608.595886	1.552767	0.000000	
610.184143	1.552719	0.000000	
611.772339	1.552671	0.000000	
613.360535	1.552623	0.000000	
614.948730	1.552575	0.000000	
616.536804	1.552527	0.000000	
618.124878	1.552479	0.000000	
619.712891	1.552431	0.000000	
621.300842	1.552383	0.000000	
622.888794	1.552335	0.000000	
624.476685	1.552287	0.000000	
626.064453	1.552238	0.000000	
627.652222	1.552191	0.000000	
629.239990	1.552143	0.000000	
630.827698	1.552094	0.000000	
632.415344	1.552046	0.000000	
634.002930	1.551998	0.000000	
635.590515	1.551950	0.000000	
637.178040	1.551902	0.000000	
638.765503	1.551854	0.000000	
640.352905	1.551806	0.000000	
641.940247	1.551758	0.000000	
643.527588	1.551710	0.000000	
645.114868	1.551662	0.000000	
646.702026	1.551614	0.000000	
648.289246	1.551566	0.000000	
649.876343	1.551518	0.000000	
651.463440	1.551470	0.000000	
653.050415	1.551422	0.000000	
654.637390	1.551374	0.000000	
656.224365	1.551326	0.000000	
657.811218	1.551278	0.000000	
659.398071	1.551230	0.000000	
660.984802	1.551182	0.000000	
662.571533	1.551134	0.000000	
664.158203	1.551086	0.000000	
665.744812	1.551038	0.000000	
667.331360	1.550990	0.000000	
668.917847	1.550942	0.000000	
670.504333	1.550894	0.000000	
672.090698	1.550846	0.000000	
673.677124	1.550798	0.000000	
675.263367	1.550750	0.000000	
676.849609	1.550702	0.000000	
678.435791	1.550654	0.000000	
680.021912	1.550606	0.000000	
681.608032	1.550558	0.000000	
683.194031	1.550510	0.000000	
684.779968	1.550462	0.000000	
686.365906	1.550414	0.000000	
687.951782	1.550366	0.000000	
689.537537	1.550318	0.000000	
691.123291	1.550270	0.000000	
692.708984	1.550222	0.000000	
694.294617	1.550174	0.000000	
695.880188	1.550126	0.000000	
697.465698	1.550078	0.000000	
699.051147	1.550030	0.000000	
700.636597	1.549982	0.000000	
702.221863	1.549934	0.000000	
703.807190	1.549886	0.000000	
705.392395	1.549838	0.000000	
706.977539	1.549790	0.000000	
708.562622	1.549742	0.000000	
710.147705	1.549694	0.000000	
711.732666	1.549646	0.000000	
713.317627	1.549598	0.000000	
714.902466	1.549549	0.000000	
716.487244	1.549501	0.000000	
718.072021	1.549453	0.000000	
719.656677	1.549405	0.000000	
721.241333	1.549357	0.000000	
722.825806	1.549309	0.000000	
724.410339	1.549261	0.000000	
725.994751	1.549213	0.000000	
727.579163	1.549165	0.000000	
729.163452	1.549117	0.000000	
730.747681	1.549069	0.000000	
732.331848	1.549021	0.000000	
733.915955	1.548973	0.000000	
735.500000	1.548925	0.000000	
737.083984	1.548877	0.000000	
738.667847	1.548829	0.000000	
740.251770	1.548781	0.000000	
741.835571	1.548733	0.000000	
743.419250	1.548685	0.000000	
745.002869	1.548637	0.000000	
746.586487	1.548589	0.000000	
748.170044	1.548541	0.000000	
749.753479	1.548493	0.000000	
751.336853	1.548445	0.000000	
752.920166	1.548397	0.000000	
754.503418	1.548349	0.000000	
756.086609	1.548301	0.000000	
757.669739	1.548253	0.000000	
759.252808	1.548205	0.000000	
760.835754	1.548157	0.000000	
762.418640	1.548109	0.000000	
764.001465	1.548061	0.000000	
765.584290	1.548013	0.000000	
767.166931	1.547965	0.000000	
768.749573	1.547925	0.000000	
770.332153	1.547892	0.000000	
771.914673	1.547859	0.000000	
773.497009	1.547827	0.000000	
775.079407	1.547794	0.000000	
776.661682	1.547762	0.000000	
778.243835	1.547729	0.000000	
779.825989	1.547696	0.000000	
781.408081	1.547664	0.000000	
782.990051	1.547631	0.000000	
784.571960	1.547598	0.000000	
786.153809	1.547566	0.000000	
787.735535	1.547533	0.000000	
789.317261	1.547501	0.000000	
790.898865	1.547468	0.000000	
792.480408	1.547435	0.000000	
794.061890	1.547403	0.000000	
795.643250	1.547370	0.000000	
797.224548	1.547338	0.000000	
798.805786	1.547305	0.000000	
800.387024	1.547272	0.000000	
801.968079	1.547240	0.000000	
803.549072	1.547207	0.000000	
805.130005	1.547175	0.000000	
806.710876	1.547142	0.000000	
808.291626	1.547109	0.000000	
809.872375	1.547077	0.000000	
811.453003	1.547044	0.000000	
813.033569	1.547012	0.000000	
814.614014	1.546979	0.000000	
816.194458	1.546946	0.000000	
817.774780	1.546914	0.000000	
819.354980	1.546881	0.000000	
820.935181	1.546849	0.000000	
822.515259	1.546816	0.000000	
824.095215	1.546783	0.000000	
825.675110	1.546751	0.000000	
827.255005	1.546718	0.000000	
828.834656	1.546686	0.000000	
830.414368	1.546653	0.000000	
831.993958	1.546620	0.000000	
833.573425	1.546592	0.000000	
835.152954	1.546565	0.000000	
836.732239	1.546538	0.000000	
838.311523	1.546512	0.000000	
839.890747	1.546485	0.000000	
841.469849	1.546458	0.000000	
843.048828	1.546432	0.000000	
844.627747	1.546405	0.000000	
846.206543	1.546378	0.000000	
847.785339	1.546351	0.000000	
849.364075	1.546325	0.000000	
850.942566	1.546298	0.000000	
852.521118	1.546271	0.000000	
854.099487	1.546245	0.000000	
855.677856	1.546218	0.000000	
857.256165	1.546191	0.000000	
858.834290	1.546165	0.000000	
860.412415	1.546138	0.000000	
861.990356	1.546111	0.000000	
863.568237	1.546084	0.000000	
865.146118	1.546058	0.000000	
866.723816	1.546031	0.000000	
868.301453	1.546004	0.000000	
869.879028	1.545978	0.000000	
871.456421	1.545951	0.000000	
873.033875	1.545924	0.000000	
874.611145	1.545898	0.000000	
876.188354	1.545871	0.000000	
877.765442	1.545844	0.000000	
879.342468	1.545817	0.000000	
880.919434	1.545791	0.000000	
882.496277	1.545764	0.000000	
884.073059	1.545738	0.000000	
885.649719	1.545711	0.000000	
887.226257	1.545684	0.000000	
888.802734	1.545657	0.000000	
890.379089	1.545631	0.000000	
891.955383	1.545604	0.000000	
893.531555	1.545577	0.000000	
895.107727	1.545551	0.000000	
896.683716	1.545524	0.000000	
898.259644	1.545497	0.000000	
899.835449	1.545471	0.000000	
901.411255	1.545444	0.000000	
902.986816	1.545417	0.000000	
904.562378	1.545391	0.000000	
906.137817	1.545364	0.000000	
907.713196	1.545337	0.000000	
909.288452	1.545311	0.000000	
910.863647	1.545284	0.000000	
912.438660	1.545257	0.000000	
914.013672	1.545231	0.000000	
915.588562	1.545204	0.000000	
917.163391	1.545177	0.000000	
918.737976	1.545151	0.000000	
920.312622	1.545124	0.000000	
921.887085	1.545097	0.000000	
923.461548	1.545071	0.000000	
925.035828	1.545044	0.000000	
926.609985	1.545017	0.000000	
928.184082	1.544991	0.000000	
929.758118	1.544964	0.000000	
931.332031	1.544937	0.000000	
932.905762	1.544911	0.000000	
934.479492	1.544884	0.000000	
936.053101	1.544858	0.000000	
937.626648	1.544831	0.000000	
939.200012	1.544804	0.000000	
940.773315	1.544778	0.000000	
942.346497	1.544751	0.000000	
943.919617	1.544724	0.000000	
945.492554	1.544698	0.000000	
947.065552	1.544671	0.000000	
948.638306	1.544644	0.000000	
950.211060	1.544618	0.000000	
951.783569	1.544591	0.000000	
953.356079	1.544564	0.000000	
954.928528	1.544538	0.000000	
956.500793	1.544511	0.000000	
958.072937	1.544485	0.000000	
959.645020	1.544458	0.000000	
961.216980	1.544431	0.000000	
962.788879	1.544405	0.000000	
964.360657	1.544378	0.000000	
965.932251	1.544351	0.000000	
967.503784	1.544325	0.000000	
969.075317	1.544298	0.000000	
970.646606	1.544272	0.000000	
972.217896	1.544245	0.000000	
973.788940	1.544218	0.000000	
975.359985	1.544192	0.000000	
976.930847	1.544165	0.000000	
978.501648	1.544139	0.000000	
980.072388	1.544112	0.000000	
981.642944	1.544085	0.000000	
983.213501	1.544059	0.000000	
984.783813	1.544032	0.000000	
986.354126	1.544006	0.000000	
987.924194	1.543979	0.000000	
989.494324	1.543952	0.000000	
991.064270	1.543926	0.000000	
992.634094	1.543902	0.000000	
994.203796	1.543880	0.000000	
995.773315	1.543858	0.000000	
997.342896	1.543835	0.000000	
998.912292	1.543813	0.000000	
1012.271790	1.543622	0.000000	
1015.750671	1.543572	0.000000	
1019.227905	1.543522	0.000000	
1022.703796	1.543473	0.000000	
1026.178101	1.543423	0.000000	
1029.650879	1.543373	0.000000	
1033.122314	1.543324	0.000000	
1036.592285	1.543274	0.000000	
1040.060791	1.543224	0.000000	
1043.527832	1.543175	0.000000	
1046.993530	1.543125	0.000000	
1050.457886	1.543076	0.000000	
1053.920776	1.543026	0.000000	
1057.382446	1.542977	0.000000	
1060.842651	1.542927	0.000000	
1064.301514	1.542878	0.000000	
1067.759155	1.542828	0.000000	
1071.215576	1.542779	0.000000	
1074.670532	1.542729	0.000000	
1078.124268	1.542680	0.000000	
1081.576904	1.542631	0.000000	
1085.028076	1.542581	0.000000	
1088.478149	1.542532	0.000000	
1091.927002	1.542483	0.000000	
1095.374634	1.542433	0.000000	
1098.821045	1.542384	0.000000	
1102.266357	1.542335	0.000000	
1105.710571	1.542285	0.000000	
1109.153564	1.542236	0.000000	
1112.595459	1.542187	0.000000	
1116.036133	1.542138	0.000000	
1119.475830	1.542089	0.000000	
1122.914429	1.542039	0.000000	
1126.352051	1.541990	0.000000	
1129.788452	1.541941	0.000000	
1133.223877	1.541892	0.000000	
1136.658447	1.541843	0.000000	
1140.091919	1.541793	0.000000	
1143.524292	1.541744	0.000000	
1146.955811	1.541695	0.000000	
1150.386230	1.541646	0.000000	
1153.815796	1.541597	0.000000	
1157.244385	1.541548	0.000000	
1160.672119	1.541500	0.000000	
1164.098999	1.541453	0.000000	
1167.524902	1.541407	0.000000	
1170.949951	1.541360	0.000000	
1174.374146	1.541314	0.000000	
1177.797485	1.541267	0.000000	
1181.219971	1.541221	0.000000	
1184.641724	1.541174	0.000000	
1188.062622	1.541128	0.000000	
1191.482666	1.541081	0.000000	
1194.902100	1.541035	0.000000	
1198.320557	1.540988	0.000000	
1201.738525	1.540942	0.000000	
1205.155518	1.540895	0.000000	
1208.572021	1.540849	0.000000	
1211.987671	1.540802	0.000000	
1215.402710	1.540756	0.000000	
1218.817139	1.540709	0.000000	
1222.230713	1.540663	0.000000	
1225.643799	1.540617	0.000000	
1229.056396	1.540570	0.000000	
1232.468140	1.540524	0.000000	
1235.879395	1.540478	0.000000	
1239.290039	1.540431	0.000000	
1242.700073	1.540385	0.000000	
1246.109619	1.540338	0.000000	
1249.518677	1.540292	0.000000	
1252.927002	1.540246	0.000000	
1256.335083	1.540199	0.000000	
1259.742432	1.540153	0.000000	
1263.149536	1.540107	0.000000	
1266.556030	1.540060	0.000000	
1269.962158	1.540014	0.000000	
1273.367798	1.539968	0.000000	
1276.772949	1.539921	0.000000	
1280.177856	1.539875	0.000000	
1283.582275	1.539829	0.000000	
1286.986206	1.539782	0.000000	
1290.389893	1.539736	0.000000	
1293.793213	1.539690	0.000000	
1297.196289	1.539643	0.000000	
1300.598999	1.539597	0.000000	
1304.001343	1.539551	0.000000	
1307.403564	1.539505	0.000000	
1310.805298	1.539458	0.000000	
1314.206787	1.539412	0.000000	
1317.608154	1.539365	0.000000	
1321.009277	1.539319	0.000000	
1324.410156	1.539273	0.000000	
1327.810791	1.539226	0.000000	
1331.211304	1.539180	0.000000	
1334.611572	1.539133	0.000000	
1338.011719	1.539087	0.000000	
1341.411865	1.539041	0.000000	
1344.811646	1.538994	0.000000	
1348.211426	1.538948	0.000000	
1351.611084	1.538902	0.000000	
1355.010742	1.538855	0.000000	
1358.410278	1.538809	0.000000	
1361.809692	1.538762	0.000000	
1365.209106	1.538716	0.000000	
1368.608521	1.538670	0.000000	
1372.007935	1.538623	0.000000	
1375.407349	1.538577	0.000000	
1378.806763	1.538530	0.000000	
1382.206177	1.538484	0.000000	
1385.605713	1.538438	0.000000	
1389.005127	1.538391	0.000000	
1392.404785	1.538345	0.000000	
1395.804443	1.538298	0.000000	
1399.204346	1.538252	0.000000	
1402.604248	1.538206	0.000000	
1406.004395	1.538159	0.000000	
1409.404541	1.538113	0.000000	
1412.804932	1.538067	0.000000	
1416.205566	1.538020	0.000000	
1419.606323	1.537974	0.000000	
1423.007324	1.537927	0.000000	
1426.408447	1.537881	0.000000	
1429.809937	1.537834	0.000000	
1433.211670	1.537788	0.000000	
1436.613525	1.537742	0.000000	
1440.015869	1.537695	0.000000	
1443.418335	1.537649	0.000000	
1446.821167	1.537602	0.000000	
1450.224365	1.537556	0.000000	
1453.627930	1.537509	0.000000	
1457.031738	1.537463	0.000000	
1460.436035	1.537416	0.000000	
1463.840576	1.537370	0.000000	
1467.245605	1.537323	0.000000	
1470.651123	1.537277	0.000000	
1474.056885	1.537230	0.000000	
1477.463135	1.537184	0.000000	
1480.869873	1.537137	0.000000	
1484.277100	1.537090	0.000000	
1487.684814	1.537043	0.000000	
1491.093018	1.536996	0.000000	
1494.501831	1.536948	0.000000	
1497.911133	1.536901	0.000000	
1501.320923	1.536854	0.000000	
1504.731201	1.536807	0.000000	
1508.142212	1.536760	0.000000	
1511.553711	1.536713	0.000000	
1514.965820	1.536666	0.000000	
1518.378662	1.536618	0.000000	
1521.791992	1.536571	0.000000	
1525.205933	1.536524	0.000000	
1528.620605	1.536477	0.000000	
1532.036011	1.536430	0.000000	
1535.452026	1.536382	0.000000	
1538.868896	1.536335	0.000000	
1542.286377	1.536287	0.000000	
1545.704468	1.536236	0.000000	
1549.123413	1.536185	0.000000	
1552.543213	1.536135	0.000000	
1555.963623	1.536084	0.000000	
1559.385010	1.536033	0.000000	
1562.807007	1.535982	0.000000	
1566.229980	1.535932	0.000000	
1569.653687	1.535881	0.000000	
1573.078369	1.535830	0.000000	
1576.503784	1.535779	0.000000	
1579.930176	1.535728	0.000000	
1583.357422	1.535677	0.000000	
1586.785645	1.535626	0.000000	
1590.214600	1.535576	0.000000	
1593.644775	1.535525	0.000000	
1597.075684	1.535474	0.000000	
1600.507568	1.535423	0.000000	
1603.940674	1.535372	0.000000	
1607.374512	1.535321	0.000000	
1610.809448	1.535270	0.000000	
1614.245361	1.535219	0.000000	
1617.682373	1.535168	0.000000	
1621.120483	1.535117	0.000000	
1624.559692	1.535066	0.000000	
1627.999756	1.535015	0.000000	
1631.441162	1.534963	0.000000	
1634.883545	1.534912	0.000000	
1638.327148	1.534861	0.000000	
1641.771851	1.534810	0.000000	
1645.217773	1.534759	0.000000	
1648.664795	1.534708	0.000000	
1652.113037	1.534657	0.000000	
1655.562500	1.534605	0.000000	
1659.013062	1.534554	0.000000	
1662.465088	1.534503	0.000000	
1665.918213	1.534451	0.000000	
1669.372437	1.534400	0.000000	
1672.828125	1.534349	0.000000	
1676.285156	1.534297	0.000000	
1679.743408	1.534246	0.000000	
1683.202881	1.534193	0.000000	
1686.663818	1.534138	0.000000	